270
360
370
470
490
600
620
760
780
870
890
1050
1080
1260
1290
1480
1520
1730
1780
1870
1920
2150
2200
2460
2510
2790
2840
3140
3210
3270
3340
3650
3730
4060
4140
4500
4580
4960
5050
5340
5440
5840
5940
6370
6480
6930
7040
7520
7640
7840
7960
8450
8580
9100
9230
9770
9910
10480
10620
10660
10810
11380
11530
12130
12290
12910
13070
13720
13890
14140
14310
14960
15140
15820
16010
16700
16900
17620
17820
18230
18430
19160
19370
20110
20330
21100
21330
22120
22350
28310
28610
29630
29930
30990
31300
32390
32710
33820
34150
34610
34940
35880
36220
37180
37520
38510
38860
39210
39570
40570
40940
41970
42340
43390
43760
44840
45220
46320
46710
47830
48230
49370
49770
50940
51350
52540
52960
54170
54600
55830
56270
57530
57980
59260
59710
61020
61480
62810
63280
64630
65110
66480
66970
68370
68870
70290
70800
72250
72760
74230
74750
76260
76780
78310
78850
80400
80950
82520
83080
84680
85240
86870
87440
89100
89680
91360
91950
93660
94250
95990
96600
98360
98970
100760
101380
103200
103830
105670
106320
108190
108840
110730
111400
113320
113990
115940
116620
118600
119290
121290
121990
124030
124740
126800
127520
129610
130330
132450
133190
133620
134360
135940
136690
138290
139040
140660
141420
143050
143820
145470
146240
147910
148690
150380
151160
152870
153660
155380
156180
157920
158720
160480
161290
163060
163880
165670
166500
168310
169140
170970
171800
173650
174490
176360
177210
179090
179950
181850
182710
184630
185500
187430
188310
190270
191150
193120
194010
196000
196900
198910
199820
201840
202750
204800
205720
207780
208710
210790
211720
213820
214760
216880
217830
219960
220920
234380
235390
237490
238510
240630
241650
243780
244810
246960
248000
250160
251210
253380
254430
256630
257690
259890
260960
263180
264250
266490
267570
269820
270910
273180
274270
276550
277650
279950
281060
283370
284480
286810
287930
1038910
1042930
1051380
1055430
1063930
1068010
1076560
1080660
1089270
1093390
1102060
1106210
1114920
1119100
1127870
1132060
1140890
1145110
1153990
1158230
1167170
1171430
1180420
1184710
1193750
1198070
1207170
1211510
1220650
1225020
1234220
1238610
1247870
1252280
1261590
1266030
1275390
1279850
1289270
1293750
1303220
1307730
1317250
1321790
1331360
1335920
1345550
1350130
1359810
1364420
1374150
1378790
1388570
1393230
1403070
1407750
1417640
1422350
1432290
1437020
1447010
1451770
1461820
1466600
1476690
1481500
1491650
1496480
1506680
1511540
1521790
1526670
1536970
1541880
1552230
1557160
1567570
1572520
1582980
1587960
1598470
1603470
1614030
1619060
1629670
1634720
1645390
1650460
1661180
1666280
1677050
1682170
1692990
1698130
1709000
1714170
1725090
1730290
1741260
1746480
2048300
2054410
2067310
2073450
2086410
2092580
2105600
2111800
2124880
2131100
2144240
2150490
2163680
2169970
2183210
2189530
2202830
2209170
2222540
2228910
2242330
2248720
2262200
2268630
2282160
2288620
2302210
2308690
2322340
2328850
2342550
2349090
2354410
2360960
2374310
2380880
2394280
2400880
2414330
2420960
2434450
2441110
2454650
2461330
2474930
2481630
2495270
2502010
2515700
2522460
2536190
2542980
2556760
2563580
2577410
2584250
2598120
2604990
2618910
2625810
2639770
2646700
2660710
2667660
2681720
2688700
2702800
2709800
2723950
2730980
2745170
2752230
2766460
2773550
2787830
2794940
2809260
2816400
2830760
2837930
2852340
2859530
2873980
2881200
2895700
2902940
2917480
2924750
2939330
2946630
2961250
2968570
2983240
2990590
3005290
3012670
3027410
3034820
3049600
3057040
3071860
